3066186224
3071292628
3088109000
3098248508
3102632398
5414846117
9167449701
5097458418
4F882945714
3418167220
3433237556
3457417823
3475482729
2242876735
2199256693
9356767270
5452795244
4555173864
6509508582
8016618164
7219899930
26d03035578
5853544690
5114109283
4047915080
36633908004
5015515752
5027325970
5037797838
5045417671
5054278744
5075012192
5089576915
5098493584
5101348544
5121506948
8897836225
4516461218
3168612861
4569814703
7957527914
7315799803
3488T933221
3596533690
2971546689
2946276652
7676406991
4805417313
2298787565
7762936000
9383559739
2984031077
6095995046
8855871742
4356301436
3279535472
50712R12607
6586873786
7937152352
4546016668
3013706671
7494193318
4558977232
604684301
244880596
5717439010
6289019174
2883691907
4053806307
6355046526
8845559986
8536842408
5556842339
829871611
8409013744
3075137849
3863219685
4005246662
77311313
528444434
7308184374
7637191432
6283902182
836116656
699797325
8694464082
8331978518
8603482040
714584342
3981796355
3151272677
271199588
6607772029
3072791373
6095492281
9116996963
6699026291
6336932741
2728685233
3094471502
8987282344
6236209873
8175286652
9753096318
2846269092
7423507759
9778028713
4037281954
5056813702
9939982553
5814503668
7472095002
9119849209
3161941904
3286936602
996448751
4275285762
7713316055
3507934
7356189326
6548224775
4684948423
3382374629
4678292948
8687606757
712375384
5811082586
3656655220
7108081326
7847953509
5498764078
9886603009
7406582218
8357582350
6509596652
3529025222
9356374644
9645525669
7053891754
9587576501
7385523788
2009179475
8978791116
4369F706853
8347442769
1217146730
8704578955
6488471758
8965833600
8553823015